000001
000002
000005
000008
000010
000011
000012
000014
000015
000016
000017
000018
000019
000022
000024
000027
000028
000029
000031
000033
000034
000035
000037
000038
000042
000043
000044
000045
000047
000049
000051
000053
000054
000057
000058
000059
000061
000062
000064
000065
000073
000074
000075
000079
000080
000088
000089
000094
000095
000097
000098
000100
000103
000106
000107
000108
000109
000110
000111
000112
000113
000116
000118
000120
000123
000125
000126
000127
000129
000130
000132
000133
000135
000136
000137
000138
000140
000141
